00
00
00
00
00
00
00
00
00
00
00
00
00
00
00
00
00
00
00
00
00
00
00
00
00
00
00
00
00
00
00
00
00
00
00
00
00
00
00
00
00
00
00
00
00
00
00
00
00
00
00
00
00
00
00
00
00
00
00
00
00
00
00
00
00
00
00
00
00
00
00
00
00
00
00
00
00
00
00
00
00
00
00
00
00
00
00
00
00
00
00
00
00
00
00
00
00
00
00
00
00
00
00
00
00
00
00
00
00
00
00
00
00
00
00
00
00
00
00
00
00
00
00
00
00
00
00
00
00
00
00
00
00
00
00
00
00
00
00
00
00
00
00
00
00
00
00
00
00
00
00
00
03
12
12
12
7d
88
af
19
a6
fe
f6
7e
00
00
00
00
00
00
00
00
00
00
00
00
1d
24
5e
9a
aa
fc
fc
fc
fc
fc
e0
ac
fc
f1
c2
40
00
00
00
00
00
00
00
00
00
00
00
30
ed
fc
fc
fc
fc
fc
fc
fc
fc
fa
5d
52
52
37
27
00
00
00
00
00
00
00
00
00
00
00
00
12
da
fc
fc
fc
fc
fc
c5
b6
f6
f0
00
00
00
00
00
00
00
00
00
00
00
00
00
00
00
00
00
00
50
9c
6a
fc
fc
cc
0b
00
2b
9a
00
00
00
00
00
00
00
00
00
00
00
00
00
00
00
00
00
00
00
0d
01
9a
fc
5a
00
00
00
00
00
00
00
00
00
00
00
00
00
00
00
00
00
00
00
00
00
00
00
00
00
8b
fc
be
02
00
00
00
00
00
00
00
00
00
00
00
00
00
00
00
00
00
00
00
00
00
00
00
00
0b
be
fc
46
00
00
00
00
00
00
00
00
00
00
00
00
00
00
00
00
00
00
00
00
00
00
00
00
00
23
f0
e0
a0
6b
01
00
00
00
00
00
00
00
00
00
00
00
00
00
00
00
00
00
00
00
00
00
00
00
51
ef
fc
fc
76
18
00
00
00
00
00
00
00
00
00
00
00
00
00
00
00
00
00
00
00
00
00
00
00
2d
ba
fc
fc
96
1a
00
00
00
00
00
00
00
00
00
00
00
00
00
00
00
00
00
00
00
00
00
00
00
10
5d
fb
fc
bb
00
00
00
00
00
00
00
00
00
00
00
00
00
00
00
00
00
00
00
00
00
00
00
00
00
f8
fc
f8
40
00
00
00
00
00
00
00
00
00
00
00
00
00
00
00
00
00
00
00
00
00
2e
82
b7
fc
fc
ce
02
00
00
00
00
00
00
00
00
00
00
00
00
00
00
00
00
00
00
00
27
94
e4
fc
fc
fc
f9
b6
00
00
00
00
00
00
00
00
00
00
00
00
00
00
00
00
00
00
18
71
dc
fc
fc
fc
fc
c8
4e
00
00
00
00
00
00
00
00
00
00
00
00
00
00
00
00
00
17
42
d4
fc
fc
fc
fc
c5
51
02
00
00
00
00
00
00
00
00
00
00
00
00
00
00
00
00
12
ab
da
fc
fc
fc
fc
c2
50
09
00
00
00
00
00
00
00
00
00
00
00
00
00
00
00
00
36
ac
e1
fc
fc
fc
fc
f3
85
0b
00
00
00
00
00
00
00
00
00
00
00
00
00
00
00
00
00
00
88
fc
fc
fc
d3
87
84
10
00
00
00
00
00
00
00
00
00
00
00
00
00
00
00
00
00
00
00
00
00
00
00
00
00
00
00
00
00
00
00
00
00
00
00
00
00
00
00
00
00
00
00
00
00
00
00
00
00
00
00
00
00
00
00
00
00
00
00
00
00
00
00
00
00
00
00
00
00
00
00
00
00
00
00
00
00
00
00
00
00
00
00
00
00
00
00
00
00
00
00
00
00
00
00
00
00
00
00
00